535
76535 19718 12869 14836 35097 96665 26595 97234 94464 15992 93254 9567 83102 5384 90692 92559 23572 35238 30032 92344 43876 29535 18014 3314 64054 8550 38464 48578 60211 55480 10113 36746 75198 22982 67934 10295 19648 10882 23881 30464 26874 33487 56383 9976 38871 47075 2536 78796 82313 32568 87492 42541 78455 5506 45855 42510 14057 672 91088 74268 56152 17553 27366 47702 40536 11653 74349 76536 22535 14582 23352 49409 64422 79735 75738 19645 43162 78274 98441 41827 27194 85933 720 5650 7792 62928 48160 21849 63600 55600 12469 36104 73153 39835 83806 30041 67840 74507 6577 90375 5441 46281 56137 69863 26016 31875 5861 69178 10149 4302 27357 37343 6588 28078 59345 14380 91006 7505 52581 54606 79457 65050 90710 52611 21237 90868 99004 89078 81727 21934 79453 87168 68215 35590 73384 94232 83817 79245 79762 93966 99899 7120 47662 22839 35198 7007 53571 42556 30865 6152 97162 10322 71202 4224 79285 8792 11444 78290 97870 93171 224 93675 96691 84791 45618 70075 95375 29435 65672 75138 39754 81924 98610 87416 4763 50160 94423 74687 92716 25288 80839 89878 51963 68394 94102 47600 93538 21898 25890 91408 15069 42466 1435 11760 43610 63405 98188 38985 92841 63860 14123 32595 62136 29085 36363 83252 79245 30786 57939 71961 72427 55130 78191 24390 39876 88645 88342 33414 10543 14233 41174 25612 73051 42610 53725 16661 6015 51913 55647 15208 32125 86122 64155 94262 15208 518 93866 10805 47657 51805 82767 20084 6935 77310 60826 46812 65956 49168 96578 76499 79753 37753 18464 69157 80363 72189 85818 2730 40454 57817 17939 88931 43940 98446 83193 75500 98965 93411 86305 46622 45216 85424 83058 68504 62735 43884 15316 28691 9404 28246 21542 5510 65999 40006 74667 46362 28547 60485 65445 69001 34655 99736 57933 78595 98182 57478 70447 97147 50890 56752 60121 12458 58529 43179 80962 21264 3415 12630 66307 29172 40877 87849 34682 6876 44208 9349 69591 72755 86186 35036 58109 20841 51124 32394 15788 49306 89872 86235 62806 57114 59340 22927 69573 17869 66107 66887 55485 85874 79518 21792 15046 36747 25993 49728 43623 70201 59077 29566 59309 61616 80954 17418 82457 32078 49812 98246 81385 56036 84481 44191 13151 60173 67118 99076 78042 49577 65963 33527 35452 61833 71671 50498 98580 97665 16579 58556 84218 92008 88122 43527 53624 69077 77297 36082 17507 27109 50680 98892 99498 51513 59435 29001 11687 42906 28077 6081 8835 10392 55961 44287 88578 27632 11138 3510 41649 27717 62066 42220 36077 66541 2099 89702 51970 79397 42136 69477 22858 92816 84722 22356 60681 60509 67709 88720 3415 12138 94802 28603 22531 50763 89242 27461 94747 380 30971 52749 44449 9390 94969 80527 75931 97068 86581 27901 92817 28717 97378 32028 37885 98452 70736 14918 58962 38446 3639 62377 50584 98441 90980 89467 65556 96575 16928 60303 96955 64252 29404 57757 73642 24373 54636 49573 37794 57569 77474 46963 2638 91204 78991 40523 89657 49728 55441 48619 88174 59080 27348 55110 73873 34681 44578 39429 31256 77858 16085 44563 42110 45489 18672 15752 86215 89660 65325 24009 47229 59151 87324 49867 66708 66316 6742 72717 16044 78536 37688 20570 53968 65036 75680 27842 16069 36610 83623 63677 14469 16060 24593 56579 77902 59617 72332 64117 49278 54009 4478 
859
86 115
83 77
93 137
41 90
140 79
22 230
88 129
181 89
206 46
14 214
0 62
44 21
233 256
57 264
141 98
185 267
19 13
117 198
85 163
199 51
264 42
58 14
71 171
116 14
52 206
140 102
110 171
85 227
227 100
65 84
59 142
84 253
7 158
257 260
115 155
72 90
167 119
264 52
147 160
25 81
266 248
6 51
82 259
207 261
10 184
166 130
255 160
214 166
206 250
131 166
127 153
211 17
112 45
42 135
77 89
214 146
233 242
207 61
111 159
135 165
152 130
235 242
39 95
180 135
119 139
77 55
3 131
51 248
7 253
130 114
184 174
182 252
74 141
221 64
2 209
62 105
146 210
71 45
234 60
209 223
51 212
110 176
63 35
170 252
33 113
176 45
132 152
122 229
235 184
169 166
189 208
168 36
16 33
53 138
246 103
91 247
15 55
84 233
141 152
192 62
64 266
146 78
214 88
180 15
100 175
218 80
68 247
157 216
135 151
67 58
206 130
144 144
115 33
76 228
15 166
185 246
124 81
53 265
88 94
52 126
70 145
255 178
144 166
244 245
88 52
149 34
247 24
25 210
32 239
129 196
124 33
172 252
156 228
96 127
214 101
209 118
173 33
200 53
97 264
107 248
21 18
235 73
37 145
140 211
117 137
162 94
116 153
22 239
47 10
26 119
44 192
56 42
210 108
45 156
210 78
248 262
141 213
254 139
255 145
26 157
174 61
124 26
10 13
50 168
43 204
118 245
89 210
60 196
207 67
94 263
258 172
159 84
70 7
89 158
29 257
207 8
58 140
249 216
256 142
191 18
153 87
163 47
238 235
51 188
85 169
106 131
266 13
253 30
166 122
171 126
212 234
177 1
198 10
115 100
236 17
263 72
82 224
142 244
139 94
9 176
95 77
77 177
135 207
207 64
183 237
8 171
266 8
154 261
121 74
162 13
65 53
13 37
96 46
223 151
104 176
214 87
103 49
70 28
110 44
29 48
187 235
178 168
244 186
140 103
90 94
233 35
238 154
58 108
157 196
57 25
24 1
238 152
73 219
122 260
96 225
254 118
210 211
225 7
253 19
62 231
178 69
31 214
52 182
261 266
147 155
3 8
100 247
77 161
37 71
133 34
105 34
194 60
41 123
34 216
6 19
148 52
169 130
110 265
23 162
230 216
200 238
119 48
229 115
250 98
150 203
177 166
259 238
80 56
34 246
83 31
233 246
1 38
165 191
156 103
260 250
136 245
108 117
25 120
207 186
93 261
168 192
101 89
174 227
217 208
73 101
3 44
20 53
240 28
159 70
173 171
5 136
122 223
74 124
206 59
177 134
127 4
80 53
262 173
208 80
217 169
0 35
119 102
246 249
250 16
245 216
46 54
220 177
118 67
71 36
64 27
112 21
104 23
218 235
223 38
88 261
218 181
148 105
131 226
163 98
43 88
3 4
168 128
34 104
6 9
100 7
131 105
38 68
204 213
112 9
170 34
89 143
22 251
214 183
164 18
23 136
29 58
73 91
5 5
239 66
257 130
125 52
62 212
111 207
174 108
181 203
179 171
243 42
263 10
132 205
56 238
122 247
205 54
59 166
101 218
244 185
148 259
234 157
21 153
231 154
79 265
50 88
171 119
215 163
239 87
82 0
258 124
179 36
198 1
162 191
26 120
146 251
263 29
140 266
237 188
257 127
5 82
41 36
89 189
99 173
91 94
156 175
185 105
34 192
63 98
172 9
68 174
18 13
209 84
126 69
18 115
229 141
179 255
222 241
36 172
107 24
36 3
254 168
88 95
93 167
218 47
262 254
116 120
151 109
172 230
238 51
149 218
235 228
247 165
84 221
23 30
209 18
211 129
57 205
241 120
205 101
193 232
11 73
235 37
101 130
195 204
107 29
71 169
138 41
44 30
111 244
169 80
170 46
5 21
189 117
133 38
216 104
104 258
146 196
145 44
257 248
96 81
172 85
196 107
262 157
20 119
84 151
182 236
58 204
258 133
211 194
130 225
229 15
142 159
85 194
133 268
115 25
195 134
174 14
85 237
163 63
31 145
51 241
11 206
177 54
134 182
172 195
14 230
10 37
19 263
199 55
192 247
137 27
90 34
44 38
235 166
37 43
210 110
234 219
241 145
2 71
21 205
151 39
63 49
237 17
33 38
235 147
239 265
123 193
193 169
261 143
131 16
205 61
163 44
73 173
94 126
1 248
249 83
196 70
90 205
150 175
68 3
126 213
0 70
148 140
194 210
153 258
217 43
177 194
41 173
27 119
81 185
6 204
225 69
153 243
101 94
194 91
198 156
10 207
58 125
168 150
99 45
88 245
168 33
206 130
3 110
99 79
17 32
192 248
63 21
47 60
136 55
112 165
50 139
20 123
57 245
115 172
264 208
227 63
223 49
129 21
154 16
88 139
90 226
148 102
135 182
73 157
191 155
93 244
84 109
126 131
78 56
52 218
200 24
40 79
222 48
183 186
154 42
15 176
62 16
174 200
135 125
224 230
210 253
78 148
230 146
213 132
201 156
161 151
55 205
69 207
127 14
143 112
11 22
35 9
98 139
26 189
212 141
69 118
99 198
250 172
107 118
126 120
239 228
198 139
266 74
83 212
29 201
184 256
161 185
180 103
206 159
2 4
233 126
84 110
263 230
150 132
19 49
166 149
74 208
63 126
164 96
222 55
127 236
12 204
158 260
35 162
176 14
3 182
131 131
230 39
199 148
252 236
167 107
254 159
26 136
70 171
197 40
140 214
230 110
101 113
121 141
218 94
218 15
217 250
87 253
253 191
71 191
15 172
166 7
235 187
74 143
139 60
107 268
106 33
208 267
214 52
120 264
137 248
143 266
197 267
22 249
48 225
176 190
110 154
87 254
24 25
161 114
188 154
219 202
116 64
11 18
266 182
230 216
2 134
0 233
135 148
138 5
183 180
2 185
168 188
126 201
6 141
110 141
66 112
266 167
266 117
1 245
209 40
179 144
136 201
166 259
1 117
210 137
130 256
210 46
78 66
0 231
156 135
57 187
216 19
182 265
133 2
235 119
170 118
42 59
104 167
66 84
23 110
23 43
265 117
228 3
102 178
183 75
115 179
236 133
74 79
12 19
90 55
60 78
172 87
54 177
65 140
137 1
173 57
264 78
170 87
3 153
209 158
42 263
182 63
144 110
185 210
240 20
182 110
45 11
157 77
119 136
264 135
89 41
171 134
97 161
67 155
124 171
41 115
90 224
200 245
11 117
146 148
170 24
62 235
171 251
69 178
220 103
34 97
14 78
150 107
34 137
255 127
250 148
80 268
52 263
62 233
153 4
92 248
47 55
26 175
152 211
18 155
228 128
169 32
12 167
130 130
25 85
250 138
192 72
125 22
99 224
84 20
174 210
86 98
109 9
217 33
252 89
121 108
43 235
211 219
119 233
146 122
215 179
175 125
237 129
161 161
244 134
120 154
200 134
149 182
74 257
58 206
90 198
50 91
246 139
232 139
92 233
265 263
18 95
225 237
230 109
123 261
120 106
135 2
227 240
117 68
139 83
138 260
131 162
139 129
205 123
231 88
238 214
93 73
158 156
44 217
192 235
105 35
189 197
143 154
35 175
206 240
191 71
202 224
20 155
210 219
200 195
11 50
181 232
206 23
177 117
238 180
195 134
193 155
94 94
22 74
85 106
80 54
60 118
110 252
111 46
83 235
250 83
238 67
221 250
258 119
227 15
12 24
61 245
28 55
29 174
61 135
11 174
169 30
178 151
217 249
87 58
88 12
151 185
256 29
14 123
14 107
232 20
152 130
253 265
203 20
252 45
175 23
160 186
111 195
133 19
115 265
117 75
46 60
19 41
151 268
38 191
52 256

